3 0.18700475435816163 0.591917591125198 0.2937136819862652 0.6703645007923931
3 0.5261489698890649 0.4500792393026941 0.1098784997358689 0.1933438985736926
2 0.8409931325937666 0.5554675118858954 0.25779186476492344 0.1315372424722662
2 0.7099841521394612 0.4849445324881141 0.13946117274167988 0.08240887480190182
2 0.8663497094558901 0.48415213946117275 0.156365557316429 0.0839936608557845
2 0.6698362387744321 0.4413629160063391 0.1267828843106181 0.06180665610142633
2 0.7923930269413628 0.4461172741679873 0.11833069202324353 0.058637083993660896
2 0.9223454833597464 0.4484944532488114 0.10776545166402542 0.06022187004754358
2 0.35076597992604336 0.4793977812995246 0.12255678816693077 0.07765451664025357
2 0.39197041732699417 0.454041204437401 0.10776545166402535 0.055467511885895465
2 0.41944004226096143 0.4342313787638669 0.07395668251452726 0.04754358161648178
